(kicad_pcb (version 20171130) (host pcbnew "(5.0.2)-1")

  (general
    (thickness 1.6)
    (drawings 17)
    (tracks 147)
    (zones 0)
    (modules 44)
    (nets 23)
  )

  (page A4)
  (layers
    (0 F.Cu signal)
    (31 B.Cu signal)
    (32 B.Adhes user hide)
    (33 F.Adhes user)
    (34 B.Paste user hide)
    (35 F.Paste user)
    (36 B.SilkS user hide)
    (37 F.SilkS user)
    (38 B.Mask user hide)
    (39 F.Mask user)
    (40 Dwgs.User user hide)
    (41 Cmts.User user hide)
    (42 Eco1.User user hide)
    (43 Eco2.User user hide)
    (44 Edge.Cuts user)
    (45 Margin user hide)
    (46 B.CrtYd user hide)
    (47 F.CrtYd user hide)
    (48 B.Fab user hide)
    (49 F.Fab user hide)
  )

  (setup
    (last_trace_width 0.45)
    (trace_clearance 0.25)
    (zone_clearance 0.408)
    (zone_45_only yes)
    (trace_min 0.25)
    (segment_width 0.2)
    (edge_width 0.15)
    (via_size 1)
    (via_drill 0.6)
    (via_min_size 0.4)
    (via_min_drill 0.3)
    (uvia_size 0.3)
    (uvia_drill 0.1)
    (uvias_allowed no)
    (uvia_min_size 0.2)
    (uvia_min_drill 0.1)
    (pcb_text_width 0.3)
    (pcb_text_size 1.5 1.5)
    (mod_edge_width 0.15)
    (mod_text_size 1 1)
    (mod_text_width 0.15)
    (pad_size 2.2 2.2)
    (pad_drill 0)
    (pad_to_mask_clearance 0.2)
    (solder_mask_min_width 0.25)
    (aux_axis_origin 135 125)
    (visible_elements 7FFFFFFF)
    (pcbplotparams
      (layerselection 0x010f0_ffffffff)
      (usegerberextensions false)
      (usegerberattributes true)
      (usegerberadvancedattributes false)
      (creategerberjobfile false)
      (excludeedgelayer false)
      (linewidth 0.150000)
      (plotframeref false)
      (viasonmask false)
      (mode 1)
      (useauxorigin false)
      (hpglpennumber 1)
      (hpglpenspeed 20)
      (hpglpendiameter 15.000000)
      (psnegative false)
      (psa4output false)
      (plotreference true)
      (plotvalue true)
      (plotinvisibletext false)
      (padsonsilk false)
      (subtractmaskfromsilk false)
      (outputformat 1)
      (mirror false)
      (drillshape 0)
      (scaleselection 1)
      (outputdirectory "1"))
  )

  (net 0 "")
  (net 1 "Net-(C1-Pad1)")
  (net 2 GND)
  (net 3 "Net-(C3-Pad1)")
  (net 4 "Net-(C8-Pad1)")
  (net 5 "Net-(BT1-Pad2)")
  (net 6 "Net-(D1-Pad1)")
  (net 7 "Net-(C12-Pad2)")
  (net 8 "Net-(C12-Pad1)")
  (net 9 "Net-(BT1-Pad1)")
  (net 10 "Net-(BT2-Pad1)")
  (net 11 "Net-(BT3-Pad1)")
  (net 12 "Net-(C6-Pad2)")
  (net 13 "Net-(C6-Pad1)")
  (net 14 "Net-(C7-Pad1)")
  (net 15 "Net-(C10-Pad2)")
  (net 16 "Net-(C10-Pad1)")
  (net 17 "Net-(C11-Pad1)")
  (net 18 "Net-(J3-Pad1)")
  (net 19 "Net-(R10-Pad2)")
  (net 20 "Net-(R11-Pad1)")
  (net 21 "Net-(R12-Pad2)")
  (net 22 "Net-(R12-Pad1)")

  (net_class Default "This is the default net class."
    (clearance 0.25)
    (trace_width 0.45)
    (via_dia 1)
    (via_drill 0.6)
    (uvia_dia 0.3)
    (uvia_drill 0.1)
    (diff_pair_gap 0.25)
    (diff_pair_width 0.25)
    (add_net GND)
    (add_net "Net-(BT1-Pad1)")
    (add_net "Net-(BT1-Pad2)")
    (add_net "Net-(BT2-Pad1)")
    (add_net "Net-(BT3-Pad1)")
    (add_net "Net-(C1-Pad1)")
    (add_net "Net-(C10-Pad1)")
    (add_net "Net-(C10-Pad2)")
    (add_net "Net-(C11-Pad1)")
    (add_net "Net-(C12-Pad1)")
    (add_net "Net-(C12-Pad2)")
    (add_net "Net-(C3-Pad1)")
    (add_net "Net-(C6-Pad1)")
    (add_net "Net-(C6-Pad2)")
    (add_net "Net-(C7-Pad1)")
    (add_net "Net-(C8-Pad1)")
    (add_net "Net-(D1-Pad1)")
    (add_net "Net-(J3-Pad1)")
    (add_net "Net-(R10-Pad2)")
    (add_net "Net-(R11-Pad1)")
    (add_net "Net-(R12-Pad1)")
    (add_net "Net-(R12-Pad2)")
  )

  (module Inductors_SMD:L_1812 (layer F.Cu) (tedit 58307CF5) (tstamp 5A55F5EA)
    (at 217.678 84.455)
    (descr "Resistor SMD 1812, flow soldering, Panasonic (see ERJ12)")
    (tags "resistor 1812")
    (path /5A54DEAF)
    (attr smd)
    (fp_text reference L1 (at -0.254 -3.146638 180) (layer F.SilkS)
      (effects (font (size 1 1) (thickness 0.15)))
    )
    (fp_text value L_Core_Ferrite (at 0 3.17) (layer F.Fab)
      (effects (font (size 1 1) (thickness 0.15)))
    )
    (fp_text user %R (at 0 0) (layer F.Fab)
      (effects (font (size 1 1) (thickness 0.15)))
    )
    (fp_line (start -2.25 1.6) (end -2.25 -1.6) (layer F.Fab) (width 0.1))
    (fp_line (start 2.25 1.6) (end -2.25 1.6) (layer F.Fab) (width 0.1))
    (fp_line (start 2.25 -1.6) (end 2.25 1.6) (layer F.Fab) (width 0.1))
    (fp_line (start -2.25 -1.6) (end 2.25 -1.6) (layer F.Fab) (width 0.1))
    (fp_line (start -3.51 -2.24) (end 3.51 -2.24) (layer F.CrtYd) (width 0.05))
    (fp_line (start 3.51 -2.24) (end 3.51 2.24) (layer F.CrtYd) (width 0.05))
    (fp_line (start 3.51 2.24) (end -3.51 2.24) (layer F.CrtYd) (width 0.05))
    (fp_line (start -3.51 2.24) (end -3.51 -2.24) (layer F.CrtYd) (width 0.05))
    (fp_line (start -1.73 1.88) (end 1.73 1.88) (layer F.SilkS) (width 0.12))
    (fp_line (start -1.73 -1.88) (end 1.73 -1.88) (layer F.SilkS) (width 0.12))
    (pad 1 smd rect (at -2.44 0) (size 1.6 3.5) (layers F.Cu F.Paste F.Mask)
      (net 17 "Net-(C11-Pad1)"))
    (pad 2 smd rect (at 2.44 0) (size 1.6 3.5) (layers F.Cu F.Paste F.Mask)
      (net 1 "Net-(C1-Pad1)"))
    (model ${KISYS3DMOD}/Inductors_SMD.3dshapes/L_1812.wrl
      (at (xyz 0 0 0))
      (scale (xyz 1 1 1))
      (rotate (xyz 0 0 0))
    )
  )

  (module Connector_PinHeader_2.54mm:PinHeader_1x02_P2.54mm_Vertical (layer F.Cu) (tedit 59FED5CC) (tstamp 5C4A6490)
    (at 222.504 80.137 270)
    (descr "Through hole straight pin header, 1x02, 2.54mm pitch, single row")
    (tags "Through hole pin header THT 1x02 2.54mm single row")
    (path /5C49B62F)
    (fp_text reference J1 (at -2.921 -0.508 270) (layer F.SilkS)
      (effects (font (size 1 1) (thickness 0.15)))
    )
    (fp_text value power (at 0 4.87 270) (layer F.Fab)
      (effects (font (size 1 1) (thickness 0.15)))
    )
    (fp_line (start -0.635 -1.27) (end 1.27 -1.27) (layer F.Fab) (width 0.1))
    (fp_line (start 1.27 -1.27) (end 1.27 3.81) (layer F.Fab) (width 0.1))
    (fp_line (start 1.27 3.81) (end -1.27 3.81) (layer F.Fab) (width 0.1))
    (fp_line (start -1.27 3.81) (end -1.27 -0.635) (layer F.Fab) (width 0.1))
    (fp_line (start -1.27 -0.635) (end -0.635 -1.27) (layer F.Fab) (width 0.1))
    (fp_line (start -1.33 3.87) (end 1.33 3.87) (layer F.SilkS) (width 0.12))
    (fp_line (start -1.33 1.27) (end -1.33 3.87) (layer F.SilkS) (width 0.12))
    (fp_line (start 1.33 1.27) (end 1.33 3.87) (layer F.SilkS) (width 0.12))
    (fp_line (start -1.33 1.27) (end 1.33 1.27) (layer F.SilkS) (width 0.12))
    (fp_line (start -1.33 0) (end -1.33 -1.33) (layer F.SilkS) (width 0.12))
    (fp_line (start -1.33 -1.33) (end 0 -1.33) (layer F.SilkS) (width 0.12))
    (fp_line (start -1.8 -1.8) (end -1.8 4.35) (layer F.CrtYd) (width 0.05))
    (fp_line (start -1.8 4.35) (end 1.8 4.35) (layer F.CrtYd) (width 0.05))
    (fp_line (start 1.8 4.35) (end 1.8 -1.8) (layer F.CrtYd) (width 0.05))
    (fp_line (start 1.8 -1.8) (end -1.8 -1.8) (layer F.CrtYd) (width 0.05))
    (fp_text user %R (at 0 1.27) (layer F.Fab)
      (effects (font (size 1 1) (thickness 0.15)))
    )
    (pad 1 thru_hole rect (at 0 0 270) (size 1.7 1.7) (drill 1) (layers *.Cu *.Mask)
      (net 1 "Net-(C1-Pad1)"))
    (pad 2 thru_hole oval (at 0 2.54 270) (size 1.7 1.7) (drill 1) (layers *.Cu *.Mask)
      (net 2 GND))
    (model ${KISYS3DMOD}/Connector_PinHeader_2.54mm.3dshapes/PinHeader_1x02_P2.54mm_Vertical.wrl
      (at (xyz 0 0 0))
      (scale (xyz 1 1 1))
      (rotate (xyz 0 0 0))
    )
  )

  (module Capacitors_SMD:C_0805_HandSoldering (layer F.Cu) (tedit 58AA84A8) (tstamp 5C584C63)
    (at 212.852 82.189 90)
    (descr "Capacitor SMD 0805, hand soldering")
    (tags "capacitor 0805")
    (path /5A550D62)
    (attr smd)
    (fp_text reference C2 (at 0.909 2.032 180) (layer F.SilkS)
      (effects (font (size 1 1) (thickness 0.15)))
    )
    (fp_text value 100n (at 0 1.75 90) (layer F.Fab)
      (effects (font (size 1 1) (thickness 0.15)))
    )
    (fp_text user %R (at 0 -1.75 90) (layer F.Fab)
      (effects (font (size 1 1) (thickness 0.15)))
    )
    (fp_line (start -1 0.62) (end -1 -0.62) (layer F.Fab) (width 0.1))
    (fp_line (start 1 0.62) (end -1 0.62) (layer F.Fab) (width 0.1))
    (fp_line (start 1 -0.62) (end 1 0.62) (layer F.Fab) (width 0.1))
    (fp_line (start -1 -0.62) (end 1 -0.62) (layer F.Fab) (width 0.1))
    (fp_line (start 0.5 -0.85) (end -0.5 -0.85) (layer F.SilkS) (width 0.12))
    (fp_line (start -0.5 0.85) (end 0.5 0.85) (layer F.SilkS) (width 0.12))
    (fp_line (start -2.25 -0.88) (end 2.25 -0.88) (layer F.CrtYd) (width 0.05))
    (fp_line (start -2.25 -0.88) (end -2.25 0.87) (layer F.CrtYd) (width 0.05))
    (fp_line (start 2.25 0.87) (end 2.25 -0.88) (layer F.CrtYd) (width 0.05))
    (fp_line (start 2.25 0.87) (end -2.25 0.87) (layer F.CrtYd) (width 0.05))
    (pad 1 smd rect (at -1.25 0 90) (size 1.5 1.25) (layers F.Cu F.Paste F.Mask)
      (net 17 "Net-(C11-Pad1)"))
    (pad 2 smd rect (at 1.25 0 90) (size 1.5 1.25) (layers F.Cu F.Paste F.Mask)
      (net 2 GND))
    (model Capacitors_SMD.3dshapes/C_0805.wrl
      (at (xyz 0 0 0))
      (scale (xyz 1 1 1))
      (rotate (xyz 0 0 0))
    )
  )

  (module Capacitors_SMD:C_0805_HandSoldering (layer F.Cu) (tedit 58AA84A8) (tstamp 5C733466)
    (at 187.853 75.819 180)
    (descr "Capacitor SMD 0805, hand soldering")
    (tags "capacitor 0805")
    (path /5A5379D1)
    (attr smd)
    (fp_text reference C3 (at 3.449 -0.381 180) (layer F.SilkS)
      (effects (font (size 1 1) (thickness 0.15)))
    )
    (fp_text value 100n (at 0 1.75 180) (layer F.Fab)
      (effects (font (size 1 1) (thickness 0.15)))
    )
    (fp_line (start 2.25 0.87) (end -2.25 0.87) (layer F.CrtYd) (width 0.05))
    (fp_line (start 2.25 0.87) (end 2.25 -0.88) (layer F.CrtYd) (width 0.05))
    (fp_line (start -2.25 -0.88) (end -2.25 0.87) (layer F.CrtYd) (width 0.05))
    (fp_line (start -2.25 -0.88) (end 2.25 -0.88) (layer F.CrtYd) (width 0.05))
    (fp_line (start -0.5 0.85) (end 0.5 0.85) (layer F.SilkS) (width 0.12))
    (fp_line (start 0.5 -0.85) (end -0.5 -0.85) (layer F.SilkS) (width 0.12))
    (fp_line (start -1 -0.62) (end 1 -0.62) (layer F.Fab) (width 0.1))
    (fp_line (start 1 -0.62) (end 1 0.62) (layer F.Fab) (width 0.1))
    (fp_line (start 1 0.62) (end -1 0.62) (layer F.Fab) (width 0.1))
    (fp_line (start -1 0.62) (end -1 -0.62) (layer F.Fab) (width 0.1))
    (fp_text user %R (at 0 -1.75 180) (layer F.Fab)
      (effects (font (size 1 1) (thickness 0.15)))
    )
    (pad 2 smd rect (at 1.25 0 180) (size 1.5 1.25) (layers F.Cu F.Paste F.Mask)
      (net 2 GND))
    (pad 1 smd rect (at -1.25 0 180) (size 1.5 1.25) (layers F.Cu F.Paste F.Mask)
      (net 3 "Net-(C3-Pad1)"))
    (model Capacitors_SMD.3dshapes/C_0805.wrl
      (at (xyz 0 0 0))
      (scale (xyz 1 1 1))
      (rotate (xyz 0 0 0))
    )
  )

  (module Capacitors_SMD:C_0805_HandSoldering (layer F.Cu) (tedit 58AA84A8) (tstamp 5C571339)
    (at 196.088 77.851 225)
    (descr "Capacitor SMD 0805, hand soldering")
    (tags "capacitor 0805")
    (path /5A538230)
    (attr smd)
    (fp_text reference C5 (at -3.681905 0.089803 225) (layer F.SilkS)
      (effects (font (size 1 1) (thickness 0.15)))
    )
    (fp_text value 100n (at 0 1.75 225) (layer F.Fab)
      (effects (font (size 1 1) (thickness 0.15)))
    )
    (fp_text user %R (at 0 -1.75 225) (layer F.Fab)
      (effects (font (size 1 1) (thickness 0.15)))
    )
    (fp_line (start -1 0.62) (end -1 -0.62) (layer F.Fab) (width 0.1))
    (fp_line (start 1 0.62) (end -1 0.62) (layer F.Fab) (width 0.1))
    (fp_line (start 1 -0.62) (end 1 0.62) (layer F.Fab) (width 0.1))
    (fp_line (start -1 -0.62) (end 1 -0.62) (layer F.Fab) (width 0.1))
    (fp_line (start 0.5 -0.85) (end -0.5 -0.85) (layer F.SilkS) (width 0.12))
    (fp_line (start -0.5 0.85) (end 0.5 0.85) (layer F.SilkS) (width 0.12))
    (fp_line (start -2.25 -0.88) (end 2.25 -0.88) (layer F.CrtYd) (width 0.05))
    (fp_line (start -2.25 -0.88) (end -2.25 0.87) (layer F.CrtYd) (width 0.05))
    (fp_line (start 2.25 0.87) (end 2.25 -0.88) (layer F.CrtYd) (width 0.05))
    (fp_line (start 2.25 0.87) (end -2.25 0.87) (layer F.CrtYd) (width 0.05))
    (pad 1 smd rect (at -1.249999 0 225) (size 1.5 1.25) (layers F.Cu F.Paste F.Mask)
      (net 2 GND))
    (pad 2 smd rect (at 1.249999 0 225) (size 1.5 1.25) (layers F.Cu F.Paste F.Mask)
      (net 17 "Net-(C11-Pad1)"))
    (model Capacitors_SMD.3dshapes/C_0805.wrl
      (at (xyz 0 0 0))
      (scale (xyz 1 1 1))
      (rotate (xyz 0 0 0))
    )
  )

  (module Capacitors_SMD:C_0805_HandSoldering (layer F.Cu) (tedit 58AA84A8) (tstamp 5C571349)
    (at 187.833 86.614 180)
    (descr "Capacitor SMD 0805, hand soldering")
    (tags "capacitor 0805")
    (path /5A537AAB)
    (attr smd)
    (fp_text reference C6 (at -3.683 -0.254 180) (layer F.SilkS)
      (effects (font (size 1 1) (thickness 0.15)))
    )
    (fp_text value 2p (at 0 1.75 180) (layer F.Fab)
      (effects (font (size 1 1) (thickness 0.15)))
    )
    (fp_line (start 2.25 0.87) (end -2.25 0.87) (layer F.CrtYd) (width 0.05))
    (fp_line (start 2.25 0.87) (end 2.25 -0.88) (layer F.CrtYd) (width 0.05))
    (fp_line (start -2.25 -0.88) (end -2.25 0.87) (layer F.CrtYd) (width 0.05))
    (fp_line (start -2.25 -0.88) (end 2.25 -0.88) (layer F.CrtYd) (width 0.05))
    (fp_line (start -0.5 0.85) (end 0.5 0.85) (layer F.SilkS) (width 0.12))
    (fp_line (start 0.5 -0.85) (end -0.5 -0.85) (layer F.SilkS) (width 0.12))
    (fp_line (start -1 -0.62) (end 1 -0.62) (layer F.Fab) (width 0.1))
    (fp_line (start 1 -0.62) (end 1 0.62) (layer F.Fab) (width 0.1))
    (fp_line (start 1 0.62) (end -1 0.62) (layer F.Fab) (width 0.1))
    (fp_line (start -1 0.62) (end -1 -0.62) (layer F.Fab) (width 0.1))
    (fp_text user %R (at 0 -1.75 180) (layer F.Fab)
      (effects (font (size 1 1) (thickness 0.15)))
    )
    (pad 2 smd rect (at 1.25 0 180) (size 1.5 1.25) (layers F.Cu F.Paste F.Mask)
      (net 12 "Net-(C6-Pad2)"))
    (pad 1 smd rect (at -1.25 0 180) (size 1.5 1.25) (layers F.Cu F.Paste F.Mask)
      (net 13 "Net-(C6-Pad1)"))
    (model Capacitors_SMD.3dshapes/C_0805.wrl
      (at (xyz 0 0 0))
      (scale (xyz 1 1 1))
      (rotate (xyz 0 0 0))
    )
  )

  (module Capacitors_SMD:C_0805_HandSoldering (layer F.Cu) (tedit 58AA84A8) (tstamp 5C571359)
    (at 194.818 82.804 90)
    (descr "Capacitor SMD 0805, hand soldering")
    (tags "capacitor 0805")
    (path /5A54AF26)
    (attr smd)
    (fp_text reference C7 (at -1.016 -1.75 90) (layer F.SilkS)
      (effects (font (size 1 1) (thickness 0.15)))
    )
    (fp_text value 1n (at 0 1.75 90) (layer F.Fab)
      (effects (font (size 1 1) (thickness 0.15)))
    )
    (fp_text user %R (at 0 -1.75 90) (layer F.Fab)
      (effects (font (size 1 1) (thickness 0.15)))
    )
    (fp_line (start -1 0.62) (end -1 -0.62) (layer F.Fab) (width 0.1))
    (fp_line (start 1 0.62) (end -1 0.62) (layer F.Fab) (width 0.1))
    (fp_line (start 1 -0.62) (end 1 0.62) (layer F.Fab) (width 0.1))
    (fp_line (start -1 -0.62) (end 1 -0.62) (layer F.Fab) (width 0.1))
    (fp_line (start 0.5 -0.85) (end -0.5 -0.85) (layer F.SilkS) (width 0.12))
    (fp_line (start -0.5 0.85) (end 0.5 0.85) (layer F.SilkS) (width 0.12))
    (fp_line (start -2.25 -0.88) (end 2.25 -0.88) (layer F.CrtYd) (width 0.05))
    (fp_line (start -2.25 -0.88) (end -2.25 0.87) (layer F.CrtYd) (width 0.05))
    (fp_line (start 2.25 0.87) (end 2.25 -0.88) (layer F.CrtYd) (width 0.05))
    (fp_line (start 2.25 0.87) (end -2.25 0.87) (layer F.CrtYd) (width 0.05))
    (pad 1 smd rect (at -1.25 0 90) (size 1.5 1.25) (layers F.Cu F.Paste F.Mask)
      (net 14 "Net-(C7-Pad1)"))
    (pad 2 smd rect (at 1.25 0 90) (size 1.5 1.25) (layers F.Cu F.Paste F.Mask)
      (net 13 "Net-(C6-Pad1)"))
    (model Capacitors_SMD.3dshapes/C_0805.wrl
      (at (xyz 0 0 0))
      (scale (xyz 1 1 1))
      (rotate (xyz 0 0 0))
    )
  )

  (module Capacitors_SMD:C_0805_HandSoldering (layer F.Cu) (tedit 58AA84A8) (tstamp 5C571379)
    (at 209.423 79.629 270)
    (descr "Capacitor SMD 0805, hand soldering")
    (tags "capacitor 0805")
    (path /5A550718)
    (attr smd)
    (fp_text reference C9 (at -3.429 0.127) (layer F.SilkS)
      (effects (font (size 1 1) (thickness 0.15)))
    )
    (fp_text value 100n (at 0 1.75 270) (layer F.Fab)
      (effects (font (size 1 1) (thickness 0.15)))
    )
    (fp_line (start 2.25 0.87) (end -2.25 0.87) (layer F.CrtYd) (width 0.05))
    (fp_line (start 2.25 0.87) (end 2.25 -0.88) (layer F.CrtYd) (width 0.05))
    (fp_line (start -2.25 -0.88) (end -2.25 0.87) (layer F.CrtYd) (width 0.05))
    (fp_line (start -2.25 -0.88) (end 2.25 -0.88) (layer F.CrtYd) (width 0.05))
    (fp_line (start -0.5 0.85) (end 0.5 0.85) (layer F.SilkS) (width 0.12))
    (fp_line (start 0.5 -0.85) (end -0.5 -0.85) (layer F.SilkS) (width 0.12))
    (fp_line (start -1 -0.62) (end 1 -0.62) (layer F.Fab) (width 0.1))
    (fp_line (start 1 -0.62) (end 1 0.62) (layer F.Fab) (width 0.1))
    (fp_line (start 1 0.62) (end -1 0.62) (layer F.Fab) (width 0.1))
    (fp_line (start -1 0.62) (end -1 -0.62) (layer F.Fab) (width 0.1))
    (fp_text user %R (at 0 -1.75 270) (layer F.Fab)
      (effects (font (size 1 1) (thickness 0.15)))
    )
    (pad 2 smd rect (at 1.25 0 270) (size 1.5 1.25) (layers F.Cu F.Paste F.Mask)
      (net 17 "Net-(C11-Pad1)"))
    (pad 1 smd rect (at -1.25 0 270) (size 1.5 1.25) (layers F.Cu F.Paste F.Mask)
      (net 2 GND))
    (model Capacitors_SMD.3dshapes/C_0805.wrl
      (at (xyz 0 0 0))
      (scale (xyz 1 1 1))
      (rotate (xyz 0 0 0))
    )
  )

  (module Capacitors_SMD:C_0805_HandSoldering (layer F.Cu) (tedit 58AA84A8) (tstamp 5C580273)
    (at 205.613 85.979 180)
    (descr "Capacitor SMD 0805, hand soldering")
    (tags "capacitor 0805")
    (path /5C506CA8)
    (attr smd)
    (fp_text reference C10 (at -3.175 0.127 270) (layer F.SilkS)
      (effects (font (size 1 1) (thickness 0.15)))
    )
    (fp_text value 10p (at 0 1.75 180) (layer F.Fab)
      (effects (font (size 1 1) (thickness 0.15)))
    )
    (fp_line (start 2.25 0.87) (end -2.25 0.87) (layer F.CrtYd) (width 0.05))
    (fp_line (start 2.25 0.87) (end 2.25 -0.88) (layer F.CrtYd) (width 0.05))
    (fp_line (start -2.25 -0.88) (end -2.25 0.87) (layer F.CrtYd) (width 0.05))
    (fp_line (start -2.25 -0.88) (end 2.25 -0.88) (layer F.CrtYd) (width 0.05))
    (fp_line (start -0.5 0.85) (end 0.5 0.85) (layer F.SilkS) (width 0.12))
    (fp_line (start 0.5 -0.85) (end -0.5 -0.85) (layer F.SilkS) (width 0.12))
    (fp_line (start -1 -0.62) (end 1 -0.62) (layer F.Fab) (width 0.1))
    (fp_line (start 1 -0.62) (end 1 0.62) (layer F.Fab) (width 0.1))
    (fp_line (start 1 0.62) (end -1 0.62) (layer F.Fab) (width 0.1))
    (fp_line (start -1 0.62) (end -1 -0.62) (layer F.Fab) (width 0.1))
    (fp_text user %R (at 0 -1.75 180) (layer F.Fab)
      (effects (font (size 1 1) (thickness 0.15)))
    )
    (pad 2 smd rect (at 1.25 0 180) (size 1.5 1.25) (layers F.Cu F.Paste F.Mask)
      (net 15 "Net-(C10-Pad2)"))
    (pad 1 smd rect (at -1.25 0 180) (size 1.5 1.25) (layers F.Cu F.Paste F.Mask)
      (net 16 "Net-(C10-Pad1)"))
    (model Capacitors_SMD.3dshapes/C_0805.wrl
      (at (xyz 0 0 0))
      (scale (xyz 1 1 1))
      (rotate (xyz 0 0 0))
    )
  )

  (module Capacitors_SMD:C_0805_HandSoldering (layer F.Cu) (tedit 58AA84A8) (tstamp 5C57139B)
    (at 216.154 91.313)
    (descr "Capacitor SMD 0805, hand soldering")
    (tags "capacitor 0805")
    (path /5C524B2B)
    (attr smd)
    (fp_text reference C11 (at -4.826 -4.445) (layer F.SilkS)
      (effects (font (size 1 1) (thickness 0.15)))
    )
    (fp_text value 100n (at 0 1.75) (layer F.Fab)
      (effects (font (size 1 1) (thickness 0.15)))
    )
    (fp_text user %R (at 0 -1.75) (layer F.Fab)
      (effects (font (size 1 1) (thickness 0.15)))
    )
    (fp_line (start -1 0.62) (end -1 -0.62) (layer F.Fab) (width 0.1))
    (fp_line (start 1 0.62) (end -1 0.62) (layer F.Fab) (width 0.1))
    (fp_line (start 1 -0.62) (end 1 0.62) (layer F.Fab) (width 0.1))
    (fp_line (start -1 -0.62) (end 1 -0.62) (layer F.Fab) (width 0.1))
    (fp_line (start 0.5 -0.85) (end -0.5 -0.85) (layer F.SilkS) (width 0.12))
    (fp_line (start -0.5 0.85) (end 0.5 0.85) (layer F.SilkS) (width 0.12))
    (fp_line (start -2.25 -0.88) (end 2.25 -0.88) (layer F.CrtYd) (width 0.05))
    (fp_line (start -2.25 -0.88) (end -2.25 0.87) (layer F.CrtYd) (width 0.05))
    (fp_line (start 2.25 0.87) (end 2.25 -0.88) (layer F.CrtYd) (width 0.05))
    (fp_line (start 2.25 0.87) (end -2.25 0.87) (layer F.CrtYd) (width 0.05))
    (pad 1 smd rect (at -1.25 0) (size 1.5 1.25) (layers F.Cu F.Paste F.Mask)
      (net 17 "Net-(C11-Pad1)"))
    (pad 2 smd rect (at 1.25 0) (size 1.5 1.25) (layers F.Cu F.Paste F.Mask)
      (net 2 GND))
    (model Capacitors_SMD.3dshapes/C_0805.wrl
      (at (xyz 0 0 0))
      (scale (xyz 1 1 1))
      (rotate (xyz 0 0 0))
    )
  )

  (module Capacitors_SMD:C_0805_HandSoldering (layer F.Cu) (tedit 58AA84A8) (tstamp 5C5713AC)
    (at 203.2 94.996 45)
    (descr "Capacitor SMD 0805, hand soldering")
    (tags "capacitor 0805")
    (path /5C531FD7)
    (attr smd)
    (fp_text reference C12 (at -0.35921 -1.796051 225) (layer F.SilkS)
      (effects (font (size 1 1) (thickness 0.15)))
    )
    (fp_text value 100n (at 0 1.75 45) (layer F.Fab)
      (effects (font (size 1 1) (thickness 0.15)))
    )
    (fp_line (start 2.25 0.87) (end -2.25 0.87) (layer F.CrtYd) (width 0.05))
    (fp_line (start 2.25 0.87) (end 2.25 -0.88) (layer F.CrtYd) (width 0.05))
    (fp_line (start -2.25 -0.88) (end -2.25 0.87) (layer F.CrtYd) (width 0.05))
    (fp_line (start -2.25 -0.88) (end 2.25 -0.88) (layer F.CrtYd) (width 0.05))
    (fp_line (start -0.5 0.85) (end 0.5 0.85) (layer F.SilkS) (width 0.12))
    (fp_line (start 0.5 -0.85) (end -0.5 -0.85) (layer F.SilkS) (width 0.12))
    (fp_line (start -1 -0.62) (end 1 -0.62) (layer F.Fab) (width 0.1))
    (fp_line (start 1 -0.62) (end 1 0.62) (layer F.Fab) (width 0.1))
    (fp_line (start 1 0.62) (end -1 0.62) (layer F.Fab) (width 0.1))
    (fp_line (start -1 0.62) (end -1 -0.62) (layer F.Fab) (width 0.1))
    (fp_text user %R (at 0 -1.75 45) (layer F.Fab)
      (effects (font (size 1 1) (thickness 0.15)))
    )
    (pad 2 smd rect (at 1.25 0 45) (size 1.5 1.25) (layers F.Cu F.Paste F.Mask)
      (net 7 "Net-(C12-Pad2)"))
    (pad 1 smd rect (at -1.25 0 45) (size 1.5 1.25) (layers F.Cu F.Paste F.Mask)
      (net 8 "Net-(C12-Pad1)"))
    (model Capacitors_SMD.3dshapes/C_0805.wrl
      (at (xyz 0 0 0))
      (scale (xyz 1 1 1))
      (rotate (xyz 0 0 0))
    )
  )

  (module Resistors_SMD:R_0805_HandSoldering (layer F.Cu) (tedit 58E0A804) (tstamp 5C580422)
    (at 192.913 75.819 180)
    (descr "Resistor SMD 0805, hand soldering")
    (tags "resistor 0805")
    (path /5A5379A2)
    (attr smd)
    (fp_text reference R1 (at -0.127 2.159 180) (layer F.SilkS)
      (effects (font (size 1 1) (thickness 0.15)))
    )
    (fp_text value 10k (at 0 1.75 180) (layer F.Fab)
      (effects (font (size 1 1) (thickness 0.15)))
    )
    (fp_line (start 2.35 0.9) (end -2.35 0.9) (layer F.CrtYd) (width 0.05))
    (fp_line (start 2.35 0.9) (end 2.35 -0.9) (layer F.CrtYd) (width 0.05))
    (fp_line (start -2.35 -0.9) (end -2.35 0.9) (layer F.CrtYd) (width 0.05))
    (fp_line (start -2.35 -0.9) (end 2.35 -0.9) (layer F.CrtYd) (width 0.05))
    (fp_line (start -0.6 -0.88) (end 0.6 -0.88) (layer F.SilkS) (width 0.12))
    (fp_line (start 0.6 0.88) (end -0.6 0.88) (layer F.SilkS) (width 0.12))
    (fp_line (start -1 -0.62) (end 1 -0.62) (layer F.Fab) (width 0.1))
    (fp_line (start 1 -0.62) (end 1 0.62) (layer F.Fab) (width 0.1))
    (fp_line (start 1 0.62) (end -1 0.62) (layer F.Fab) (width 0.1))
    (fp_line (start -1 0.62) (end -1 -0.62) (layer F.Fab) (width 0.1))
    (fp_text user %R (at 0 0 180) (layer F.Fab)
      (effects (font (size 0.5 0.5) (thickness 0.075)))
    )
    (pad 2 smd rect (at 1.35 0 180) (size 1.5 1.3) (layers F.Cu F.Paste F.Mask)
      (net 3 "Net-(C3-Pad1)"))
    (pad 1 smd rect (at -1.35 0 180) (size 1.5 1.3) (layers F.Cu F.Paste F.Mask)
      (net 17 "Net-(C11-Pad1)"))
    (model ${KISYS3DMOD}/Resistors_SMD.3dshapes/R_0805.wrl
      (at (xyz 0 0 0))
      (scale (xyz 1 1 1))
      (rotate (xyz 0 0 0))
    )
  )

  (module Resistors_SMD:R_0805_HandSoldering (layer F.Cu) (tedit 58E0A804) (tstamp 5C5713CF)
    (at 187.753 73.279 180)
    (descr "Resistor SMD 0805, hand soldering")
    (tags "resistor 0805")
    (path /5A537971)
    (attr smd)
    (fp_text reference R2 (at 3.349 -0.381 180) (layer F.SilkS)
      (effects (font (size 1 1) (thickness 0.15)))
    )
    (fp_text value 10k (at 0 1.75 180) (layer F.Fab)
      (effects (font (size 1 1) (thickness 0.15)))
    )
    (fp_text user %R (at 0 0 180) (layer F.Fab)
      (effects (font (size 0.5 0.5) (thickness 0.075)))
    )
    (fp_line (start -1 0.62) (end -1 -0.62) (layer F.Fab) (width 0.1))
    (fp_line (start 1 0.62) (end -1 0.62) (layer F.Fab) (width 0.1))
    (fp_line (start 1 -0.62) (end 1 0.62) (layer F.Fab) (width 0.1))
    (fp_line (start -1 -0.62) (end 1 -0.62) (layer F.Fab) (width 0.1))
    (fp_line (start 0.6 0.88) (end -0.6 0.88) (layer F.SilkS) (width 0.12))
    (fp_line (start -0.6 -0.88) (end 0.6 -0.88) (layer F.SilkS) (width 0.12))
    (fp_line (start -2.35 -0.9) (end 2.35 -0.9) (layer F.CrtYd) (width 0.05))
    (fp_line (start -2.35 -0.9) (end -2.35 0.9) (layer F.CrtYd) (width 0.05))
    (fp_line (start 2.35 0.9) (end 2.35 -0.9) (layer F.CrtYd) (width 0.05))
    (fp_line (start 2.35 0.9) (end -2.35 0.9) (layer F.CrtYd) (width 0.05))
    (pad 1 smd rect (at -1.35 0 180) (size 1.5 1.3) (layers F.Cu F.Paste F.Mask)
      (net 3 "Net-(C3-Pad1)"))
    (pad 2 smd rect (at 1.35 0 180) (size 1.5 1.3) (layers F.Cu F.Paste F.Mask)
      (net 2 GND))
    (model ${KISYS3DMOD}/Resistors_SMD.3dshapes/R_0805.wrl
      (at (xyz 0 0 0))
      (scale (xyz 1 1 1))
      (rotate (xyz 0 0 0))
    )
  )

  (module Resistors_SMD:R_0805_HandSoldering (layer F.Cu) (tedit 58E0A804) (tstamp 5C5713DF)
    (at 184.023 82.249 270)
    (descr "Resistor SMD 0805, hand soldering")
    (tags "resistor 0805")
    (path /5C4E47D7)
    (attr smd)
    (fp_text reference R3 (at 3.603 0.127) (layer F.SilkS)
      (effects (font (size 1 1) (thickness 0.15)))
    )
    (fp_text value 560k (at 0 1.75 270) (layer F.Fab)
      (effects (font (size 1 1) (thickness 0.15)))
    )
    (fp_line (start 2.35 0.9) (end -2.35 0.9) (layer F.CrtYd) (width 0.05))
    (fp_line (start 2.35 0.9) (end 2.35 -0.9) (layer F.CrtYd) (width 0.05))
    (fp_line (start -2.35 -0.9) (end -2.35 0.9) (layer F.CrtYd) (width 0.05))
    (fp_line (start -2.35 -0.9) (end 2.35 -0.9) (layer F.CrtYd) (width 0.05))
    (fp_line (start -0.6 -0.88) (end 0.6 -0.88) (layer F.SilkS) (width 0.12))
    (fp_line (start 0.6 0.88) (end -0.6 0.88) (layer F.SilkS) (width 0.12))
    (fp_line (start -1 -0.62) (end 1 -0.62) (layer F.Fab) (width 0.1))
    (fp_line (start 1 -0.62) (end 1 0.62) (layer F.Fab) (width 0.1))
    (fp_line (start 1 0.62) (end -1 0.62) (layer F.Fab) (width 0.1))
    (fp_line (start -1 0.62) (end -1 -0.62) (layer F.Fab) (width 0.1))
    (fp_text user %R (at 0 0 270) (layer F.Fab)
      (effects (font (size 0.5 0.5) (thickness 0.075)))
    )
    (pad 2 smd rect (at 1.35 0 270) (size 1.5 1.3) (layers F.Cu F.Paste F.Mask)
      (net 12 "Net-(C6-Pad2)"))
    (pad 1 smd rect (at -1.35 0 270) (size 1.5 1.3) (layers F.Cu F.Paste F.Mask)
      (net 6 "Net-(D1-Pad1)"))
    (model ${KISYS3DMOD}/Resistors_SMD.3dshapes/R_0805.wrl
      (at (xyz 0 0 0))
      (scale (xyz 1 1 1))
      (rotate (xyz 0 0 0))
    )
  )

  (module Resistors_SMD:R_0805_HandSoldering (layer F.Cu) (tedit 58E0A804) (tstamp 5C5713EF)
    (at 187.833 84.074)
    (descr "Resistor SMD 0805, hand soldering")
    (tags "resistor 0805")
    (path /5A537870)
    (attr smd)
    (fp_text reference R4 (at 3.683 0.254) (layer F.SilkS)
      (effects (font (size 1 1) (thickness 0.15)))
    )
    (fp_text value 560k (at 0 1.75) (layer F.Fab)
      (effects (font (size 1 1) (thickness 0.15)))
    )
    (fp_line (start 2.35 0.9) (end -2.35 0.9) (layer F.CrtYd) (width 0.05))
    (fp_line (start 2.35 0.9) (end 2.35 -0.9) (layer F.CrtYd) (width 0.05))
    (fp_line (start -2.35 -0.9) (end -2.35 0.9) (layer F.CrtYd) (width 0.05))
    (fp_line (start -2.35 -0.9) (end 2.35 -0.9) (layer F.CrtYd) (width 0.05))
    (fp_line (start -0.6 -0.88) (end 0.6 -0.88) (layer F.SilkS) (width 0.12))
    (fp_line (start 0.6 0.88) (end -0.6 0.88) (layer F.SilkS) (width 0.12))
    (fp_line (start -1 -0.62) (end 1 -0.62) (layer F.Fab) (width 0.1))
    (fp_line (start 1 -0.62) (end 1 0.62) (layer F.Fab) (width 0.1))
    (fp_line (start 1 0.62) (end -1 0.62) (layer F.Fab) (width 0.1))
    (fp_line (start -1 0.62) (end -1 -0.62) (layer F.Fab) (width 0.1))
    (fp_text user %R (at 0 0) (layer F.Fab)
      (effects (font (size 0.5 0.5) (thickness 0.075)))
    )
    (pad 2 smd rect (at 1.35 0) (size 1.5 1.3) (layers F.Cu F.Paste F.Mask)
      (net 13 "Net-(C6-Pad1)"))
    (pad 1 smd rect (at -1.35 0) (size 1.5 1.3) (layers F.Cu F.Paste F.Mask)
      (net 12 "Net-(C6-Pad2)"))
    (model ${KISYS3DMOD}/Resistors_SMD.3dshapes/R_0805.wrl
      (at (xyz 0 0 0))
      (scale (xyz 1 1 1))
      (rotate (xyz 0 0 0))
    )
  )

  (module Resistors_SMD:R_0805_HandSoldering (layer F.Cu) (tedit 58E0A804) (tstamp 5C5830E4)
    (at 197.358 82.804 90)
    (descr "Resistor SMD 0805, hand soldering")
    (tags "resistor 0805")
    (path /5A54AF76)
    (attr smd)
    (fp_text reference R5 (at -1.016 1.778 90) (layer F.SilkS)
      (effects (font (size 1 1) (thickness 0.15)))
    )
    (fp_text value 10k (at 0 1.75 90) (layer F.Fab)
      (effects (font (size 1 1) (thickness 0.15)))
    )
    (fp_line (start 2.35 0.9) (end -2.35 0.9) (layer F.CrtYd) (width 0.05))
    (fp_line (start 2.35 0.9) (end 2.35 -0.9) (layer F.CrtYd) (width 0.05))
    (fp_line (start -2.35 -0.9) (end -2.35 0.9) (layer F.CrtYd) (width 0.05))
    (fp_line (start -2.35 -0.9) (end 2.35 -0.9) (layer F.CrtYd) (width 0.05))
    (fp_line (start -0.6 -0.88) (end 0.6 -0.88) (layer F.SilkS) (width 0.12))
    (fp_line (start 0.6 0.88) (end -0.6 0.88) (layer F.SilkS) (width 0.12))
    (fp_line (start -1 -0.62) (end 1 -0.62) (layer F.Fab) (width 0.1))
    (fp_line (start 1 -0.62) (end 1 0.62) (layer F.Fab) (width 0.1))
    (fp_line (start 1 0.62) (end -1 0.62) (layer F.Fab) (width 0.1))
    (fp_line (start -1 0.62) (end -1 -0.62) (layer F.Fab) (width 0.1))
    (fp_text user %R (at 0 0 90) (layer F.Fab)
      (effects (font (size 0.5 0.5) (thickness 0.075)))
    )
    (pad 2 smd rect (at 1.35 0 90) (size 1.5 1.3) (layers F.Cu F.Paste F.Mask)
      (net 15 "Net-(C10-Pad2)"))
    (pad 1 smd rect (at -1.35 0 90) (size 1.5 1.3) (layers F.Cu F.Paste F.Mask)
      (net 14 "Net-(C7-Pad1)"))
    (model ${KISYS3DMOD}/Resistors_SMD.3dshapes/R_0805.wrl
      (at (xyz 0 0 0))
      (scale (xyz 1 1 1))
      (rotate (xyz 0 0 0))
    )
  )

  (module Resistors_SMD:R_0805_HandSoldering (layer F.Cu) (tedit 58E0A804) (tstamp 5C57141F)
    (at 201.803 87.804 270)
    (descr "Resistor SMD 0805, hand soldering")
    (tags "resistor 0805")
    (path /5A54F5CD)
    (attr smd)
    (fp_text reference R7 (at 3.636 0.127) (layer F.SilkS)
      (effects (font (size 1 1) (thickness 0.15)))
    )
    (fp_text value 10k (at 0 1.75 270) (layer F.Fab)
      (effects (font (size 1 1) (thickness 0.15)))
    )
    (fp_text user %R (at 0 0 270) (layer F.Fab)
      (effects (font (size 0.5 0.5) (thickness 0.075)))
    )
    (fp_line (start -1 0.62) (end -1 -0.62) (layer F.Fab) (width 0.1))
    (fp_line (start 1 0.62) (end -1 0.62) (layer F.Fab) (width 0.1))
    (fp_line (start 1 -0.62) (end 1 0.62) (layer F.Fab) (width 0.1))
    (fp_line (start -1 -0.62) (end 1 -0.62) (layer F.Fab) (width 0.1))
    (fp_line (start 0.6 0.88) (end -0.6 0.88) (layer F.SilkS) (width 0.12))
    (fp_line (start -0.6 -0.88) (end 0.6 -0.88) (layer F.SilkS) (width 0.12))
    (fp_line (start -2.35 -0.9) (end 2.35 -0.9) (layer F.CrtYd) (width 0.05))
    (fp_line (start -2.35 -0.9) (end -2.35 0.9) (layer F.CrtYd) (width 0.05))
    (fp_line (start 2.35 0.9) (end 2.35 -0.9) (layer F.CrtYd) (width 0.05))
    (fp_line (start 2.35 0.9) (end -2.35 0.9) (layer F.CrtYd) (width 0.05))
    (pad 1 smd rect (at -1.35 0 270) (size 1.5 1.3) (layers F.Cu F.Paste F.Mask)
      (net 4 "Net-(C8-Pad1)"))
    (pad 2 smd rect (at 1.35 0 270) (size 1.5 1.3) (layers F.Cu F.Paste F.Mask)
      (net 2 GND))
    (model ${KISYS3DMOD}/Resistors_SMD.3dshapes/R_0805.wrl
      (at (xyz 0 0 0))
      (scale (xyz 1 1 1))
      (rotate (xyz 0 0 0))
    )
  )

  (module Resistors_SMD:R_0805_HandSoldering (layer F.Cu) (tedit 58E0A804) (tstamp 5C57143F)
    (at 205.613 88.519)
    (descr "Resistor SMD 0805, hand soldering")
    (tags "resistor 0805")
    (path /5A54AFD7)
    (attr smd)
    (fp_text reference R8 (at 3.175 0.381 90) (layer F.SilkS)
      (effects (font (size 1 1) (thickness 0.15)))
    )
    (fp_text value 1M (at 0 1.75) (layer F.Fab)
      (effects (font (size 1 1) (thickness 0.15)))
    )
    (fp_line (start 2.35 0.9) (end -2.35 0.9) (layer F.CrtYd) (width 0.05))
    (fp_line (start 2.35 0.9) (end 2.35 -0.9) (layer F.CrtYd) (width 0.05))
    (fp_line (start -2.35 -0.9) (end -2.35 0.9) (layer F.CrtYd) (width 0.05))
    (fp_line (start -2.35 -0.9) (end 2.35 -0.9) (layer F.CrtYd) (width 0.05))
    (fp_line (start -0.6 -0.88) (end 0.6 -0.88) (layer F.SilkS) (width 0.12))
    (fp_line (start 0.6 0.88) (end -0.6 0.88) (layer F.SilkS) (width 0.12))
    (fp_line (start -1 -0.62) (end 1 -0.62) (layer F.Fab) (width 0.1))
    (fp_line (start 1 -0.62) (end 1 0.62) (layer F.Fab) (width 0.1))
    (fp_line (start 1 0.62) (end -1 0.62) (layer F.Fab) (width 0.1))
    (fp_line (start -1 0.62) (end -1 -0.62) (layer F.Fab) (width 0.1))
    (fp_text user %R (at 0 0) (layer F.Fab)
      (effects (font (size 0.5 0.5) (thickness 0.075)))
    )
    (pad 2 smd rect (at 1.35 0) (size 1.5 1.3) (layers F.Cu F.Paste F.Mask)
      (net 16 "Net-(C10-Pad1)"))
    (pad 1 smd rect (at -1.35 0) (size 1.5 1.3) (layers F.Cu F.Paste F.Mask)
      (net 15 "Net-(C10-Pad2)"))
    (model ${KISYS3DMOD}/Resistors_SMD.3dshapes/R_0805.wrl
      (at (xyz 0 0 0))
      (scale (xyz 1 1 1))
      (rotate (xyz 0 0 0))
    )
  )

  (module Resistors_SMD:R_0805_HandSoldering (layer F.Cu) (tedit 58E0A804) (tstamp 5C571450)
    (at 201.676 98.552 315)
    (descr "Resistor SMD 0805, hand soldering")
    (tags "resistor 0805")
    (path /5C532033)
    (attr smd)
    (fp_text reference R9 (at -3.232892 0.35921 45) (layer F.SilkS)
      (effects (font (size 1 1) (thickness 0.15)))
    )
    (fp_text value 10k (at 0 1.75 315) (layer F.Fab)
      (effects (font (size 1 1) (thickness 0.15)))
    )
    (fp_text user %R (at 0 0 315) (layer F.Fab)
      (effects (font (size 0.5 0.5) (thickness 0.075)))
    )
    (fp_line (start -1 0.62) (end -1 -0.62) (layer F.Fab) (width 0.1))
    (fp_line (start 1 0.62) (end -1 0.62) (layer F.Fab) (width 0.1))
    (fp_line (start 1 -0.62) (end 1 0.62) (layer F.Fab) (width 0.1))
    (fp_line (start -1 -0.62) (end 1 -0.62) (layer F.Fab) (width 0.1))
    (fp_line (start 0.6 0.88) (end -0.6 0.88) (layer F.SilkS) (width 0.12))
    (fp_line (start -0.6 -0.88) (end 0.6 -0.88) (layer F.SilkS) (width 0.12))
    (fp_line (start -2.35 -0.9) (end 2.35 -0.9) (layer F.CrtYd) (width 0.05))
    (fp_line (start -2.35 -0.9) (end -2.35 0.9) (layer F.CrtYd) (width 0.05))
    (fp_line (start 2.35 0.9) (end 2.35 -0.9) (layer F.CrtYd) (width 0.05))
    (fp_line (start 2.35 0.9) (end -2.35 0.9) (layer F.CrtYd) (width 0.05))
    (pad 1 smd rect (at -1.35 0 315) (size 1.5 1.3) (layers F.Cu F.Paste F.Mask)
      (net 8 "Net-(C12-Pad1)"))
    (pad 2 smd rect (at 1.35 0 315) (size 1.5 1.3) (layers F.Cu F.Paste F.Mask)
      (net 2 GND))
    (model ${KISYS3DMOD}/Resistors_SMD.3dshapes/R_0805.wrl
      (at (xyz 0 0 0))
      (scale (xyz 1 1 1))
      (rotate (xyz 0 0 0))
    )
  )

  (module Diodes_THT:D_DO-35_SOD27_P5.08mm_Vertical_KathodeUp (layer B.Cu) (tedit 5921392F) (tstamp 5C5715AB)
    (at 181.102 82.931 180)
    (descr "D, DO-35_SOD27 series, Axial, Vertical, pin pitch=5.08mm, , length*diameter=4*2mm^2, , http://www.diodes.com/_files/packages/DO-35.pdf")
    (tags "D DO-35_SOD27 series Axial Vertical pin pitch 5.08mm  length 4mm diameter 2mm")
    (path /5C5010A9)
    (fp_text reference D1 (at 2.54 2.266371 180) (layer B.SilkS)
      (effects (font (size 1 1) (thickness 0.15)) (justify mirror))
    )
    (fp_text value D_Photo (at 2.54 -2.266371 180) (layer B.Fab)
      (effects (font (size 1 1) (thickness 0.15)) (justify mirror))
    )
    (fp_circle (center 5.08 0) (end 6.346371 0) (layer B.SilkS) (width 0.12))
    (fp_circle (center 5.08 0) (end 6.08 0) (layer B.Fab) (width 0.1))
    (fp_line (start 6.4 1.55) (end -1.15 1.55) (layer B.CrtYd) (width 0.05))
    (fp_line (start 6.4 -1.55) (end 6.4 1.55) (layer B.CrtYd) (width 0.05))
    (fp_line (start -1.15 -1.55) (end 6.4 -1.55) (layer B.CrtYd) (width 0.05))
    (fp_line (start -1.15 1.55) (end -1.15 -1.55) (layer B.CrtYd) (width 0.05))
    (fp_line (start 3.073333 -0.8) (end 2.006667 0) (layer B.SilkS) (width 0.12))
    (fp_line (start 3.073333 0.8) (end 3.073333 -0.8) (layer B.SilkS) (width 0.12))
    (fp_line (start 2.006667 0) (end 3.073333 0.8) (layer B.SilkS) (width 0.12))
    (fp_line (start 2.006667 0.8) (end 2.006667 -0.8) (layer B.SilkS) (width 0.12))
    (fp_line (start 1.266371 0) (end 3.98 0) (layer B.SilkS) (width 0.12))
    (fp_line (start 0 0) (end 5.08 0) (layer B.Fab) (width 0.1))
    (fp_text user %R (at 2.54 0 180) (layer B.Fab)
      (effects (font (size 1 1) (thickness 0.15)) (justify mirror))
    )
    (fp_text user K (at -1.5 0 180) (layer B.Fab)
      (effects (font (size 1 1) (thickness 0.15)) (justify mirror))
    )
    (pad 2 thru_hole oval (at 5.08 0 180) (size 1.6 1.6) (drill 0.8) (layers *.Cu *.Mask)
      (net 5 "Net-(BT1-Pad2)"))
    (pad 1 thru_hole rect (at 0 0 180) (size 1.6 1.6) (drill 0.8) (layers *.Cu *.Mask)
      (net 6 "Net-(D1-Pad1)"))
    (model ${KISYS3DMOD}/Diodes_THT.3dshapes/D_DO-35_SOD27_P5.08mm_Vertical_KathodeUp.wrl
      (at (xyz 0 0 0))
      (scale (xyz 0.393701 0.393701 0.393701))
      (rotate (xyz 0 0 0))
    )
  )

  (module Diodes_THT:D_DO-35_SOD27_P5.08mm_Vertical_KathodeUp (layer B.Cu) (tedit 5921392F) (tstamp 5C5715D1)
    (at 181.229 78.486 180)
    (descr "D, DO-35_SOD27 series, Axial, Vertical, pin pitch=5.08mm, , length*diameter=4*2mm^2, , http://www.diodes.com/_files/packages/DO-35.pdf")
    (tags "D DO-35_SOD27 series Axial Vertical pin pitch 5.08mm  length 4mm diameter 2mm")
    (path /5C501059)
    (fp_text reference D2 (at 2.54 2.266371 180) (layer B.SilkS)
      (effects (font (size 1 1) (thickness 0.15)) (justify mirror))
    )
    (fp_text value D_Photo (at 2.54 -2.266371 180) (layer B.Fab)
      (effects (font (size 1 1) (thickness 0.15)) (justify mirror))
    )
    (fp_text user K (at -1.5 0 180) (layer B.Fab)
      (effects (font (size 1 1) (thickness 0.15)) (justify mirror))
    )
    (fp_text user %R (at 2.54 0 180) (layer B.Fab)
      (effects (font (size 1 1) (thickness 0.15)) (justify mirror))
    )
    (fp_line (start 0 0) (end 5.08 0) (layer B.Fab) (width 0.1))
    (fp_line (start 1.266371 0) (end 3.98 0) (layer B.SilkS) (width 0.12))
    (fp_line (start 2.006667 0.8) (end 2.006667 -0.8) (layer B.SilkS) (width 0.12))
    (fp_line (start 2.006667 0) (end 3.073333 0.8) (layer B.SilkS) (width 0.12))
    (fp_line (start 3.073333 0.8) (end 3.073333 -0.8) (layer B.SilkS) (width 0.12))
    (fp_line (start 3.073333 -0.8) (end 2.006667 0) (layer B.SilkS) (width 0.12))
    (fp_line (start -1.15 1.55) (end -1.15 -1.55) (layer B.CrtYd) (width 0.05))
    (fp_line (start -1.15 -1.55) (end 6.4 -1.55) (layer B.CrtYd) (width 0.05))
    (fp_line (start 6.4 -1.55) (end 6.4 1.55) (layer B.CrtYd) (width 0.05))
